750,750
12
539,165
520,171
307,114
151,427
198,414
259,424
385,210
477,489
146,427
78,331
209,78
236,222
0 2591.842508 9 8 10 0 1 6 5 11 4 7 3 2 
100 1695.178909 9 8 3 4 5 1 0 10 2 6 11 7 
200 1949.638031 5 3 8 7 0 1 2 11 6 10 9 4 
300 2243.173921 4 3 8 9 10 1 2 6 11 7 5 0 
400 1687.511499 4 3 8 11 10 2 0 1 6 9 5 7 
500 1827.249056 3 4 8 9 11 2 10 6 5 1 0 7 
600 2402.219839 3 8 6 0 1 10 11 5 9 2 7 4 
700 2007.758233 5 9 4 7 10 2 0 1 6 11 3 8 
800 1922.307996 10 2 11 4 8 5 1 0 6 9 3 7 
900 2233.343778 8 3 4 5 9 10 0 2 1 7 11 6 
1000 2119.663855 9 4 8 1 0 10 2 11 3 5 6 7 
1100 2012.345300 5 7 9 11 8 3 4 6 0 1 10 2 
1200 2085.851839 0 1 2 11 3 5 4 8 7 9 10 6 
1300 2118.248565 3 4 5 10 6 2 11 1 0 7 9 8 
1400 2104.459168 8 3 4 7 5 9 2 0 10 11 6 1 
1500 1975.304119 3 4 5 8 9 7 2 10 6 1 0 11 
1600 2691.438404 4 7 2 9 5 8 1 0 6 11 3 10 
1700 1935.858374 8 11 10 2 6 7 3 9 4 5 1 0 
1800 2614.040876 0 11 7 6 9 10 2 3 8 5 4 1 
1900 2151.487708 9 5 8 7 3 4 10 6 2 11 1 0 
2000 2007.635974 8 3 9 4 10 11 5 7 1 6 2 0 
2100 2294.726223 0 7 9 8 3 4 6 2 11 10 1 5 
2200 2322.008968 5 3 8 7 9 11 2 4 0 1 6 10 
2300 1978.453286 11 9 3 8 4 10 2 1 6 5 7 0 
2400 2373.711450 8 11 3 7 5 4 0 1 6 2 9 10 
2500 1876.423339 4 8 3 5 9 10 6 7 1 0 2 11 
2600 2028.733565 6 11 10 5 4 8 3 9 0 1 2 7 
2700 1981.240111 4 11 9 3 5 8 2 10 0 1 6 7 
2800 2397.985366 7 11 4 8 9 3 1 5 10 2 6 0 
2900 2681.106634 3 8 9 10 0 4 2 5 7 11 6 1 
3000 2539.223522 6 2 3 4 0 10 11 9 8 5 1 7 
3100 2071.170456 9 3 1 0 6 11 5 4 8 7 2 10 
3200 2520.595796 4 6 1 0 2 11 8 7 10 3 5 9 
3300 1949.784097 11 6 1 0 2 9 10 5 4 3 8 7 
3400 1697.170249 11 2 6 1 0 10 9 4 5 8 3 7 
3500 2284.700291 1 3 5 8 4 7 0 2 6 11 10 9 
3600 2648.159659 10 11 8 4 6 2 7 0 9 3 5 1 
3700 2291.847227 9 3 5 7 0 2 1 11 6 10 4 8 
3800 2202.067148 4 5 8 3 2 11 10 9 0 6 1 7 
3900 2726.249170 10 8 4 1 9 3 7 5 6 11 2 0 
4000 2294.813910 2 0 1 6 5 10 9 8 7 4 3 11 
4100 2225.788822 10 0 1 7 4 9 8 11 3 5 2 6 
4200 2489.719617 5 4 8 1 0 9 6 7 3 11 2 10 
4300 2258.220243 2 1 0 4 9 3 7 6 10 11 8 5 
4400 2064.570522 2 0 1 8 7 5 4 3 9 11 10 6 
4500 1860.742798 9 11 0 1 6 7 3 8 4 5 10 2 
4600 2510.598955 11 1 0 5 3 4 9 2 8 7 6 10 
4700 1963.463068 8 5 4 11 2 10 9 3 6 7 1 0 
4800 2516.020561 0 2 1 10 6 3 4 8 7 11 9 5 
4900 2332.993633 5 6 3 4 8 9 11 2 0 10 1 7 
5000 2105.207961 2 10 5 7 6 11 1 0 8 3 4 9 
5100 2217.183859 6 7 11 4 5 8 3 9 10 1 2 0 
5200 2153.927702 2 6 9 3 8 4 7 11 10 1 0 5 
5300 2374.853521 10 8 7 3 4 11 9 5 2 0 1 6 
5400 2180.780010 7 5 3 2 4 9 8 11 1 0 6 10 
5500 1717.957555 1 0 6 8 9 3 4 5 11 10 2 7 
5600 2501.978667 0 6 10 2 1 9 7 8 4 11 5 3 
5700 2155.744612 3 9 2 6 1 0 11 10 8 7 5 4 
5800 2657.458094 8 5 2 11 3 6 0 1 9 10 4 7 
5900 1518.250983 9 8 3 4 5 7 0 1 10 2 11 6 
6000 1648.835695 9 8 3 4 5 6 0 1 2 11 10 7 
6100 2542.456778 5 2 11 3 8 9 10 1 6 7 4 0 
6200 2217.991025 9 5 3 10 11 7 4 8 6 2 0 1 
6300 1953.833657 9 3 8 4 5 0 7 6 11 2 10 1 
6400 2274.690911 6 4 0 1 3 8 9 11 10 2 5 7 
6500 2440.266984 0 2 6 5 3 8 11 9 10 1 4 7 
6600 2471.305862 11 9 8 4 2 1 7 0 10 6 5 3 
6700 1867.977505 9 4 5 7 10 2 11 8 3 6 1 0 
6800 2215.110964 3 9 10 8 7 4 5 6 11 2 1 0 
6900 2772.770749 7 5 3 1 10 2 0 8 11 6 9 4 
7000 2188.988053 6 0 1 9 5 10 11 2 4 3 8 7 
7100 1950.585444 2 1 0 6 10 4 5 7 11 3 8 9 
7200 2088.167179 10 6 0 1 2 9 8 7 3 5 4 11 
7300 2313.429946 9 1 6 2 10 0 11 4 7 5 3 8 
7400 1999.658206 2 6 1 0 10 4 9 11 7 5 3 8 
7500 2134.157016 8 3 9 2 10 5 4 11 7 1 6 0 
7600 2141.027763 8 3 4 10 6 9 11 5 7 1 0 2 
7700 1784.429368 1 7 6 5 4 8 3 9 11 10 2 0 
7800 2386.816639 3 9 8 2 10 4 0 1 11 6 5 7 
7900 2191.029492 5 8 4 10 2 9 3 6 0 1 11 7 
8000 2331.176304 7 5 4 3 2 0 11 9 8 6 1 10 
8100 1947.017743 10 6 1 0 4 3 9 8 5 11 2 7 
8200 1709.820729 7 5 9 3 8 4 2 11 6 1 0 10 
8300 1697.071520 10 2 9 3 8 4 5 6 11 1 0 7 
8400 2084.654227 7 6 10 11 4 5 2 0 1 9 3 8 
8500 2094.335742 7 6 0 1 4 2 10 9 11 5 3 8 
8600 2099.401909 10 7 6 0 1 8 9 3 4 5 11 2 
8700 1800.132957 2 1 0 7 3 9 8 4 5 6 11 10 
8800 2188.781418 1 11 9 6 10 2 0 4 8 3 5 7 
8900 2027.667965 9 5 4 8 3 0 7 6 1 2 10 11 
9000 2278.466939 5 3 8 7 1 0 4 10 11 2 6 9 
9100 2196.214642 1 0 5 3 11 7 9 8 4 6 2 10 
9200 2488.211899 1 2 11 6 5 7 0 9 10 8 3 4 
9300 2018.557177 1 0 10 3 7 6 2 11 9 8 4 5 
9400 2143.603171 0 1 2 6 5 4 7 8 10 11 3 9 
9500 1968.223505 0 2 6 11 10 1 7 4 9 8 3 5 
9600 2179.909997 0 6 1 9 3 2 10 11 8 5 4 7 
9700 2099.619907 3 8 4 5 0 1 11 10 2 9 7 6 
9800 2139.045177 6 11 10 2 9 8 7 0 1 3 5 4 
9900 2521.987135 3 7 4 9 0 1 10 11 8 5 2 6 
